90_79
1;;-1
2;;-1
3;;-1
4;;-1
5;;-1
6;;1
7;;-1
8;;1
9;;0
10;;-1
11;;-1
12;;-1
13;;-1
14;;-1
15;;-1
16;;-1
17;;-1
18;;1
19;;1
20;;1
21;;1
22;;1
23;;0
24;;1
25;;0
26;;-1
27;;1
28;;1
29;;1
30;;-1
31;;1
32;;1
33;;0
34;;1
35;;1
36;;0
37;;-1
38;;1
39;;0
40;;0
41;;-1
42;;-1
43;;1
44;;1
45;;0
46;;-1
47;;0
48;;0
49;;0
50;;1
51;;0
52;;1
53;;1
54;;1
55;;1
56;;1
57;;1
58;;-1
59;;-1
60;;-1
61;;1
62;;1
63;;1
64;;0
65;;1
66;;0
67;;1
68;;-1
69;;1
70;;-1
71;;-1
72;;1
73;;1
74;;1
75;;0
76;;-1
77;;-1
78;;0
79;;1
80;;0
81;;1
82;;1
83;;0
84;;-1
85;;-1
86;;-1
87;;-1
88;;-1
89;;1
90;;1
91;;1
92;;1
93;;1
94;;0
95;;1
96;;1
97;;1
98;;1
99;;0
100;;-1
101;;1
102;;-1
103;;0
104;;1
105;;0
106;;0
107;;1
108;;0
109;;1
110;;0
111;;1
112;;1
113;;0
114;;1
115;;0
116;;1
117;;1
118;;1
119;;1
120;;0
121;;1
122;;-1
123;;0
124;;1
125;;1
126;;1
127;;0
128;;0
129;;1
130;;1
131;;-1
132;;-1
133;;1
134;;1
135;;0
136;;1
137;;1
138;;1
139;;-1
140;;1
141;;1
142;;1
143;;-1
144;;1
145;;1
146;;-1
147;;1
148;;1
149;;1
150;;1
151;;1
152;;1
153;;1
154;;1
155;;1
156;;1
157;;0
158;;1
159;;1
160;;1
161;;1
162;;0
163;;-1
164;;-1
165;;1
166;;-1
167;;-1
168;;-1
169;;-1
170;;1
171;;1
172;;-1
173;;-1
174;;-1
175;;-1
176;;1
177;;1
178;;0
179;;1
180;;1
181;;1
182;;1
183;;0
184;;1
185;;0
186;;1
187;;1
188;;1
189;;1
190;;0
191;;1
192;;1
193;;1
194;;1
195;;1
196;;1
197;;1
198;;1
199;;-1
200;;1
201;;0
202;;1
203;;1
204;;1
205;;0
206;;0
207;;1
208;;1
209;;1
210;;-1
211;;1
212;;0
213;;1
214;;0
215;;-1
216;;1
217;;1
218;;1
219;;1
220;;1
221;;1
222;;0
223;;1
224;;1
225;;0
226;;1
227;;-1
228;;0
229;;1
230;;1
231;;0
232;;1
233;;1
234;;0
235;;1
236;;-1
237;;-1
238;;-1
239;;1
240;;0
241;;-1
242;;1
243;;0
244;;1
245;;1
246;;1
247;;-1
248;;-1
249;;1
250;;1
251;;1
252;;-1
253;;1
254;;1
255;;1
256;;1
257;;0
258;;-1
259;;1
260;;1
261;;0
262;;-1
263;;0
264;;1
265;;1
266;;-1
267;;1
268;;0
269;;0
270;;-1
271;;-1
272;;0
273;;1
274;;1
275;;1
276;;1
277;;1
278;;-1
279;;0
280;;1
281;;-1
282;;1
283;;1
284;;-1
285;;1
286;;1
287;;1
288;;1
289;;0
290;;1
291;;-1
292;;1
293;;1
294;;1
295;;-1
296;;0
297;;-1
298;;0
299;;1
300;;1
301;;-1
302;;-1
303;;1
304;;1
305;;-1
306;;1
307;;1
308;;0
309;;1
310;;1
311;;1
312;;1
313;;1
314;;-1
315;;1
316;;1
317;;0
318;;1
319;;0
320;;-1
321;;1
322;;1
323;;1
324;;1
325;;1
326;;1
327;;1
328;;1
329;;1
330;;-1
331;;1
332;;0
333;;-1
334;;1
335;;0
336;;1
337;;-1
338;;1
339;;-1
340;;1
341;;0
342;;0
343;;1
344;;1
345;;1
346;;1
347;;0
348;;1
349;;0
350;;1
351;;1
352;;0
353;;-1
354;;-1
355;;1
356;;0
357;;1
358;;0
359;;1
360;;0
361;;0
362;;1
363;;0
364;;0
365;;1
366;;0
367;;1
368;;1
369;;-1
370;;1
371;;-1
372;;-1
373;;1
374;;-1
375;;1
376;;1
377;;1
378;;-1
379;;-1
380;;1
381;;1
382;;1
383;;0
384;;-1
385;;-1
386;;-1
387;;-1
388;;-1
389;;0
390;;1
391;;-1
392;;0
393;;0
394;;0
395;;-1
396;;0
397;;1
398;;0
399;;-1
400;;0
401;;0
402;;0
403;;0
404;;-1
405;;0
406;;-1
407;;0
408;;-1
409;;0
410;;-1
411;;-1
412;;0
413;;1
414;;0
415;;-1
416;;1
417;;0
418;;0
419;;0
420;;-1
421;;0
422;;0
423;;-1
424;;1
425;;0
426;;-1
427;;-1
428;;0
429;;1
430;;0
431;;0
432;;0
433;;-1
434;;0
435;;0
436;;0
437;;-1
438;;1
439;;0
440;;-1
441;;0
442;;0
443;;0
444;;-1
445;;0
446;;0
447;;-1
448;;1
449;;-1
450;;0
451;;0
452;;0
453;;0
454;;1
455;;-1
456;;-1
457;;0
458;;0
459;;0
460;;0
461;;0
462;;-1
463;;1
464;;-1
465;;-1
466;;-1
467;;-1
468;;0
469;;-1
470;;0
471;;0
472;;-1
473;;-1
474;;1
475;;-1
476;;-1
477;;0
478;;-1
479;;1
480;;0
481;;-1
482;;-1
483;;-1
484;;1
485;;-1
486;;-1
487;;0
488;;-1
489;;1
490;;-1
491;;1
492;;-1
493;;-1
494;;0
495;;0
496;;-1
497;;-1
498;;0
499;;1
500;;0
501;;-1
502;;1
503;;1
504;;0
505;;-1
506;;-1
507;;0
508;;1
509;;0
510;;0
511;;1
512;;-1
513;;-1
514;;0
515;;-1
516;;0
517;;0
518;;-1
519;;0
520;;-1
521;;0
522;;0
523;;1
524;;-1
525;;0
526;;0
527;;0
528;;0
529;;-1
530;;0
531;;1
532;;0
533;;0
534;;-1
535;;-1
536;;0
537;;0
538;;-1
539;;-1
540;;0
541;;-1
542;;-1
543;;-1
544;;-1
545;;0
546;;0
547;;-1
548;;0
549;;0
550;;-1
551;;0
552;;-1
553;;0
554;;0
555;;1
556;;0
557;;0
558;;-1
559;;-1
560;;-1
561;;0
562;;1
563;;1
564;;-1
565;;0
566;;1
567;;-1
568;;-1
569;;1
570;;-1
571;;-1
572;;-1
573;;0
574;;0
575;;0
576;;1
577;;0
578;;-1
579;;-1
580;;-1
581;;-1
582;;1
583;;0
584;;0
585;;-1
586;;1
587;;-1
588;;-1
589;;0
590;;0
591;;0
592;;0
593;;-1
594;;-1
595;;0
596;;1
597;;0
598;;0
599;;0
600;;-1
601;;1
602;;1
603;;-1
604;;0
605;;1
606;;-1
607;;0
608;;-1
609;;-1
610;;-1
611;;0
612;;-1
613;;0
614;;0
615;;0
616;;0
617;;-1
618;;0
619;;0
620;;-1
621;;-1
622;;-1
623;;-1
624;;-1
625;;0
626;;-1
627;;0
628;;-1
629;;-1
630;;0
631;;0
632;;0
633;;0
634;;-1
635;;1
636;;1
637;;-1
638;;0
639;;1
640;;0
641;;0
642;;-1
643;;0
644;;0
645;;0
646;;0
647;;0
648;;-1
649;;1
650;;-1
651;;-1
652;;0
653;;-1
654;;0
655;;0
656;;-1
657;;-1
658;;-1
659;;-1
660;;0
661;;0
662;;-1
663;;0
664;;0
665;;-1
666;;-1
667;;0
668;;-1
669;;0
670;;1
671;;-1
672;;0
673;;-1
674;;0
675;;0
676;;-1
677;;0
678;;-1
679;;0
680;;1
681;;-1
682;;0
683;;0
684;;0
685;;1
686;;0
687;;-1
688;;-1
689;;-1
690;;-1
691;;1
692;;1
693;;0
694;;-1
695;;-1
696;;0
697;;-1
698;;-1
699;;-1
700;;0
701;;0
702;;0
703;;0
704;;0
705;;0
706;;1
707;;0
708;;1
709;;0
710;;0
711;;-1
712;;0
713;;0
714;;1
715;;0
716;;-1
717;;0
718;;-1
719;;-1
720;;0
721;;0
722;;-1
723;;-1
724;;-1
725;;0
726;;-1
727;;1
728;;-1
729;;-1
730;;0
731;;-1
732;;0
733;;-1
734;;-1
735;;-1
736;;1
737;;-1
738;;-1
739;;-1
740;;-1
741;;0
742;;0
743;;-1
744;;1
745;;0
746;;1
747;;-1
748;;0
749;;-1
750;;0
751;;1
752;;-1
753;;0
754;;0
755;;1
756;;1
757;;-1
758;;0
759;;0
760;;-1
761;;-1
762;;0
763;;-1
764;;0
765;;-1
766;;-1
767;;0
768;;-1
769;;-1
770;;-1
771;;0
772;;0
773;;1
774;;-1
775;;0
776;;0
777;;0
778;;0
779;;-1
780;;0
781;;-1
782;;-1
783;;1
784;;0
785;;-1
786;;0
787;;0
788;;-1
789;;0
790;;0
791;;-1
792;;1
793;;-1
794;;-1
795;;0
796;;-1
797;;-1
798;;0
799;;-1
800;;0
801;;-1
802;;0
803;;-1
804;;1
805;;-1
806;;-1
807;;0
808;;-1
809;;-1
810;;0
811;;0
812;;-1
813;;0
814;;0
815;;-1
816;;-1
817;;-1
818;;-1
819;;0
820;;-1
821;;-1
822;;0
823;;0
824;;-1
825;;-1
826;;-1
827;;0
828;;0
829;;0
830;;-1
831;;0
832;;0
833;;1
834;;0
835;;-1
836;;-1
837;;-1
838;;-1
839;;-1
840;;0
841;;0
842;;-1
843;;1
844;;0
845;;0
846;;0
847;;-1
848;;-1
849;;1
850;;-1
851;;-1
852;;0
853;;-1
854;;-1
855;;-1
856;;-1
857;;-1
858;;-1
859;;-1
860;;0
861;;0
862;;-1
863;;1
864;;-1
865;;0
866;;0
867;;0
868;;0
869;;0
870;;1
871;;0
872;;0
873;;1
874;;0
875;;0
876;;-1
877;;0
878;;-1
879;;0
880;;0
881;;0
882;;0
883;;-1
884;;0
885;;0
886;;-1
887;;0
888;;-1
889;;-1
890;;0
891;;0
892;;-1
893;;-1
894;;-1
895;;-1
896;;-1
897;;-1
898;;1
899;;1
900;;0
901;;1
902;;-1
903;;-1
904;;-1
905;;-1
906;;0
907;;0
908;;-1
909;;-1
910;;-1
911;;-1
912;;0
913;;-1
914;;-1
915;;-1
916;;0
917;;-1
918;;0
919;;-1
920;;1
921;;0
922;;-1
923;;-1
924;;-1
925;;0
926;;0
927;;-1
928;;0
929;;0
930;;-1
931;;-1
932;;0
933;;-1
934;;-1
935;;-1
936;;1
937;;0
938;;-1
939;;-1
940;;0
941;;0
942;;-1
943;;-1
944;;-1
945;;-1
946;;-1
947;;-1
948;;0
949;;1
950;;-1
951;;-1
952;;1
953;;-1
954;;-1
955;;-1
956;;-1
957;;-1
958;;-1
959;;-1
960;;-1
961;;1
962;;-1
963;;0
964;;-1
965;;-1
966;;-1
967;;-1
968;;-1
969;;0
970;;-1
971;;-1
972;;-1
973;;-1
974;;-1
975;;-1
976;;-1
977;;-1
978;;-1
979;;-1
980;;-1
981;;-1
982;;-1
983;;-1
984;;-1
985;;-1
986;;-1
987;;-1
988;;-1
989;;-1
990;;-1
991;;-1
992;;-1
993;;-1
994;;-1
995;;0
996;;-1
997;;-1
998;;1
999;;0
1000;;0
1001;;-1
1002;;0
1003;;-1
1004;;-1
1005;;-1
1006;;-1
1007;;-1
1008;;-1
1009;;-1
1010;;-1
1011;;-1
1012;;-1
1013;;-1
1014;;-1
1015;;-1
1016;;-1
1017;;-1
1018;;-1
1019;;-1
1020;;-1
1021;;-1
1022;;1
1023;;-1
1024;;0
1025;;-1
1026;;-1
1027;;-1
1028;;-1
1029;;-1
1030;;-1
1031;;-1
1032;;-1
1033;;-1
1034;;-1
1035;;-1
1036;;-1
1037;;-1
1038;;-1
1039;;-1
1040;;-1
1041;;1
1042;;-1
1043;;-1
1044;;-1
1045;;-1
1046;;-1
1047;;-1
1048;;-1
1049;;-1
1050;;-1
1051;;-1
1052;;-1
1053;;0
1054;;-1
1055;;-1
1056;;-1
1057;;-1
1058;;-1
1059;;0
1060;;-1
1061;;1
1062;;-1
1063;;-1
1064;;0
1065;;-1
1066;;-1
1067;;-1
1068;;-1
1069;;-1
1070;;0
1071;;-1
1072;;1
1073;;-1
1074;;-1
1075;;-1
1076;;-1
1077;;-1
1078;;-1
1079;;-1
1080;;-1
1081;;-1
1082;;-1
1083;;-1
1084;;-1
1085;;-1
1086;;-1
1087;;0
1088;;-1
1089;;-1
1090;;0
1091;;-1
1092;;-1
1093;;-1
1094;;-1
1095;;-1
1096;;1
1097;;-1
1098;;0
1099;;-1
1100;;0
1101;;0
1102;;-1
1103;;-1
1104;;-1
1105;;-1
1106;;-1
1107;;-1
1108;;-1
1109;;-1
1110;;-1
1111;;0
1112;;-1
1113;;-1
1114;;0
1115;;0
1116;;-1
1117;;-1
1118;;-1
1119;;-1
1120;;-1
1121;;-1
1122;;-1
1123;;-1
1124;;0
1125;;-1
1126;;-1
1127;;-1
1128;;-1
1129;;-1
1130;;0
1131;;0
1132;;0
1133;;-1
1134;;-1
1135;;-1
1136;;-1
1137;;-1
1138;;-1
1139;;0
1140;;-1
1141;;-1
1142;;-1
1143;;0
1144;;1
1145;;0
1146;;-1
1147;;-1
1148;;-1
1149;;-1
1150;;-1
1151;;-1
1152;;-1
1153;;0
1154;;-1
1155;;0
1156;;-1
1157;;0
1158;;-1
1159;;-1
1160;;0
1161;;-1
1162;;-1
1163;;-1
1164;;-1
1165;;-1
1166;;-1
1167;;-1
1168;;-1
1169;;-1
1170;;-1
1171;;-1
1172;;-1
1173;;-1
1174;;-1
1175;;-1
1176;;-1
1177;;-1
1178;;1
1179;;-1
1180;;-1
1181;;0
1182;;-1
1183;;-1
1184;;-1
1185;;0
1186;;-1
1187;;-1
1188;;-1
1189;;-1
1190;;0
1191;;-1
1192;;-1
1193;;-1
1194;;0
1195;;-1
1196;;0
1197;;-1
1198;;-1
1199;;-1
1200;;-1
1201;;-1
1202;;-1
1203;;-1
1204;;-1
1205;;0
1206;;-1
1207;;-1
1208;;-1
1209;;0
1210;;1
1211;;0
1212;;1
1213;;1
1214;;0
1215;;0
1216;;0
1217;;-1
1218;;-1
1219;;-1
1220;;-1
1221;;1
1222;;0
1223;;-1
1224;;-1
1225;;-1
1226;;-1
1227;;-1
1228;;-1
1229;;-1
1230;;-1
1231;;-1
1232;;-1
1233;;-1
1234;;0
1235;;-1
1236;;1
1237;;-1
1238;;1
1239;;0
1240;;0
1241;;1
1242;;-1
1243;;-1
1244;;-1
1245;;1
1246;;-1
1247;;-1
1248;;-1
1249;;-1
1250;;-1
1251;;-1
1252;;0
1253;;-1
1254;;-1
1255;;-1
1256;;0
1257;;-1
1258;;-1
1259;;-1
1260;;-1
1261;;0
1262;;-1
1263;;-1
1264;;0
1265;;-1
1266;;-1
1267;;1
1268;;0
1269;;-1
1270;;1
1271;;0
1272;;-1
1273;;0
1274;;-1
1275;;-1
1276;;-1
1277;;-1
1278;;-1
1279;;-1
1280;;-1
1281;;-1
1282;;-1
1283;;0
1284;;-1
1285;;-1
1286;;-1
1287;;-1
1288;;-1
1289;;0
1290;;-1
1291;;0
1292;;-1
1293;;-1
1294;;-1
1295;;-1
1296;;-1
1297;;-1
1298;;-1
1299;;-1
1300;;-1
1301;;-1
1302;;-1
1303;;-1
1304;;-1
1305;;-1
1306;;-1
1307;;-1
1308;;0
1309;;-1
1310;;-1
1311;;-1
1312;;1
1313;;-1
1314;;-1
1315;;-1
1316;;-1
1317;;-1
1318;;-1
1319;;0
1320;;-1
1321;;-1
1322;;0
1323;;-1
1324;;0
1325;;-1
1326;;1
1327;;-1
1328;;-1
1329;;-1
1330;;1
1331;;-1
1332;;1
1333;;-1
1334;;-1
1335;;-1
1336;;-1
1337;;-1
1338;;0
1339;;-1
1340;;-1
1341;;0
1342;;1
1343;;0
1344;;-1
1345;;0
1346;;0
1347;;0
1348;;0
1349;;0
1350;;-1
1351;;-1
1352;;-1
1353;;-1
1354;;-1
1355;;1
1356;;0
1357;;-1
1358;;-1
1359;;0
1360;;0
1361;;-1
1362;;0
1363;;-1
1364;;-1
1365;;-1
1366;;0
1367;;-1
1368;;-1
1369;;-1
1370;;0
1371;;-1
1372;;-1
1373;;-1
1374;;-1
1375;;-1
1376;;-1
1377;;0
1378;;-1
1379;;-1
1380;;-1
1381;;1
1382;;-1
1383;;-1
1384;;-1
1385;;1
1386;;1
1387;;-1
1388;;-1
1389;;-1
1390;;1
1391;;-1
1392;;-1
1393;;0
1394;;-1
1395;;-1
1396;;-1
1397;;-1
1398;;-1
1399;;-1
1400;;-1
1401;;0
1402;;-1
1403;;-1
1404;;-1
1405;;-1
1406;;-1
1407;;-1
1408;;-1
1409;;1
1410;;-1
1411;;-1
1412;;-1
1413;;1
1414;;-1
1415;;-1
1416;;-1
1417;;0
1418;;-1
1419;;1
1420;;-1
1421;;-1
1422;;1
1423;;1
1424;;-1
1425;;0
1426;;-1
1427;;-1
1428;;0
1429;;-1
1430;;-1
1431;;0
1432;;0
1433;;-1
1434;;-1
1435;;-1
1436;;-1
1437;;0
1438;;-1
1439;;0
1440;;-1
1441;;1
1442;;0
1443;;-1
1444;;0
1445;;-1
1446;;0
1447;;-1
1448;;-1
1449;;-1
1450;;-1
1451;;-1
1452;;0
1453;;-1
1454;;-1
1455;;-1
1456;;1
1457;;-1
1458;;-1
1459;;-1
1460;;-1
1461;;-1
1462;;0
1463;;-1
1464;;-1
1465;;-1
1466;;-1
1467;;-1
1468;;0
1469;;-1
1470;;-1
1471;;-1
1472;;-1
1473;;-1
1474;;-1
1475;;-1
1476;;-1
1477;;-1
1478;;-1
1479;;-1
1480;;-1
1481;;-1
1482;;-1
1483;;-1
1484;;-1
1485;;0
1486;;-1
1487;;-1
1488;;-1
1489;;-1
1490;;-1
1491;;1
1492;;0
1493;;-1
1494;;-1
1495;;-1
1496;;0
1497;;1
1498;;-1
1499;;-1
1500;;-1
1501;;-1
1502;;-1
1503;;-1
1504;;-1
1505;;-1
1506;;-1
1507;;0
1508;;-1
1509;;1
1510;;1
1511;;-1
1512;;0
1513;;1
1514;;-1
1515;;-1
1516;;1
1517;;-1
1518;;-1
1519;;-1
1520;;1
1521;;-1
1522;;-1
1523;;-1
1524;;-1
1525;;-1
1526;;-1
1527;;-1
1528;;-1
1529;;-1
1530;;-1
1531;;-1
1532;;1
1533;;0
1534;;-1
1535;;-1
1536;;0
1537;;0
1538;;0
1539;;-1
1540;;1
1541;;-1
1542;;-1
1543;;-1
1544;;1
1545;;0
1546;;1
1547;;-1
1548;;-1
1549;;-1
1550;;0
1551;;1
1552;;-1
1553;;0
1554;;0
1555;;-1
1556;;0
1557;;-1
1558;;-1
1559;;0
1560;;-1
1561;;-1
1562;;1
1563;;0
1564;;-1
1565;;1
1566;;-1
1567;;0
1568;;-1
1569;;0
1570;;-1
1571;;-1
1572;;-1
1573;;-1
1574;;-1
1575;;-1
1576;;-1
1577;;-1
1578;;-1
1579;;-1
1580;;0
1581;;0
1582;;-1
1583;;0
1584;;0
1585;;-1
1586;;1
1587;;-1
1588;;-1
1589;;1
1590;;-1
1591;;-1
1592;;-1
1593;;0
1594;;0
1595;;-1
1596;;0
1597;;-1
1598;;-1
1599;;-1
1600;;0
1601;;-1
1602;;1
1603;;0
1604;;-1
1605;;-1
1606;;-1
1607;;-1
1608;;-1
1609;;1
1610;;-1
1611;;-1
1612;;-1
1613;;-1
1614;;0
1615;;1
1616;;1
1617;;-1
1618;;-1
1619;;-1
1620;;-1
1621;;0
1622;;-1
1623;;-1
1624;;-1
1625;;0
1626;;-1
1627;;-1
1628;;0
1629;;-1
1630;;-1
1631;;-1
1632;;-1
1633;;-1
1634;;0
1635;;0
1636;;-1
1637;;1
1638;;-1
1639;;-1
1640;;-1
1641;;0
1642;;-1
1643;;-1
1644;;-1
1645;;-1
1646;;-1
1647;;1
1648;;0
1649;;0
1650;;-1
1651;;-1
1652;;-1
1653;;-1
1654;;-1
1655;;0
1656;;-1
1657;;-1
1658;;0
1659;;0
1660;;-1
1661;;-1
1662;;0
1663;;-1
1664;;-1
1665;;-1
1666;;-1
1667;;-1
1668;;-1
1669;;-1
1670;;-1
1671;;-1
1672;;0
1673;;-1
1674;;-1
1675;;-1
1676;;-1
1677;;-1
1678;;-1
1679;;0
1680;;-1
1681;;-1
1682;;-1
1683;;1
1684;;-1
1685;;-1
1686;;-1
1687;;-1
1688;;1
1689;;-1
1690;;0
1691;;-1
1692;;0
1693;;-1
1694;;-1
1695;;0
1696;;-1
1697;;0
1698;;-1
1699;;-1
1700;;1
1701;;0
1702;;-1
1703;;-1
1704;;-1
1705;;1
1706;;-1
1707;;1
1708;;0
1709;;-1
1710;;1
1711;;-1
1712;;-1
1713;;0
1714;;-1
1715;;-1
1716;;0
1717;;-1
1718;;-1
1719;;1
1720;;1
1721;;0
1722;;-1
1723;;-1
1724;;-1
1725;;1
1726;;-1
1727;;0
1728;;1
1729;;-1
1730;;-1
1731;;-1
1732;;-1
1733;;1
1734;;0
1735;;-1
1736;;-1
1737;;-1
1738;;-1
1739;;-1
1740;;0
1741;;-1
1742;;0
1743;;-1
1744;;-1
1745;;1
1746;;1
1747;;1
1748;;-1
1749;;0
1750;;-1
1751;;-1
1752;;1
1753;;-1
1754;;1
1755;;0
1756;;-1
1757;;-1
1758;;-1
1759;;-1
1760;;-1
1761;;1
1762;;-1
1763;;-1
1764;;-1
1765;;0
1766;;-1
1767;;0
1768;;-1
1769;;-1
1770;;-1
1771;;0
1772;;1
1773;;-1
1774;;-1
1775;;-1
1776;;-1
1777;;-1
1778;;-1
1779;;1
1780;;-1
1781;;-1
1782;;-1
1783;;-1
1784;;0
1785;;-1
1786;;1
1787;;-1
1788;;-1
1789;;0
1790;;1
1791;;-1
1792;;-1
1793;;-1
1794;;-1
1795;;-1
1796;;-1
1797;;0
1798;;0
1799;;-1
1800;;-1
1801;;-1
1802;;-1
1803;;-1
1804;;-1
1805;;-1
1806;;-1
1807;;0
1808;;-1
1809;;-1
1810;;-1
1811;;-1
1812;;-1
1813;;-1
1814;;-1
1815;;-1
1816;;-1
1817;;-1
1818;;1
1819;;-1
1820;;-1
1821;;-1
1822;;0
1823;;0
1824;;1
1825;;-1
1826;;0
1827;;-1
1828;;1
1829;;-1
1830;;-1
1831;;-1
1832;;-1
1833;;-1
1834;;-1
1835;;-1
1836;;-1
1837;;0
1838;;-1
1839;;0
1840;;-1
1841;;-1
1842;;-1
1843;;0
1844;;-1
1845;;-1
1846;;-1
1847;;-1
1848;;0
1849;;-1
1850;;-1
1851;;-1
1852;;1
1853;;-1
1854;;-1
1855;;-1
1856;;-1
1857;;-1
1858;;-1
1859;;-1
1860;;-1
1861;;-1
1862;;-1
1863;;0
1864;;-1
1865;;-1
1866;;-1
1867;;0
1868;;0
1869;;0
1870;;-1
1871;;0
1872;;-1
1873;;-1
1874;;-1
1875;;-1
1876;;-1
1877;;-1
1878;;-1
1879;;-1
1880;;-1
1881;;-1
1882;;-1
1883;;-1
1884;;0
1885;;-1
1886;;-1
1887;;-1
1888;;-1
1889;;-1
1890;;-1
1891;;-1
1892;;0
1893;;-1
1894;;0
1895;;-1
1896;;-1
1897;;-1
1898;;-1
1899;;-1
1900;;0
